20 9.927088740980544
19.70941817426052 12.32024538385613
18.8545602565321 14.57432046141823
17.48510748171101 16.5583153233885
15.68064746731156 18.15692739991711
13.54604887042536 19.2772511678347
11.20536680255323 19.85417748196109
8.794633197446771 19.85417748196109
6.453951129574645 19.2772511678347
4.319352532688443 18.15692739991711
2.514892518288992 16.5583153233885
1.145439743467904 14.57432046141824
0.2905818257394817 12.32024538385613
0 9.927088740980556
0.2905818257394763 7.53393209810498
1.145439743467895 5.279857020542872
2.514892518288978 3.295862158572605
4.319352532688426 1.69725008204399
6.453951129574625 0.5769263141264035
8.794633197446746 7.105427357601003e-15
11.20536680255321 0
13.54604887042533 0.5769263141263857
15.68064746731153 1.697250082043964
17.48510748171099 3.29586215857257
18.85456025653208 5.279857020542829
19.70941817426051 7.533932098104933

