0 31.38363829113797
20.85792867203078 31.38363829113797
0 0
0 2.414126022395227
0 4.828252044790453
0 7.24237806718568
0 9.656504089580906
0 12.07063011197613
0 14.48475613437136
0 16.89888215676659
0 19.31300817916181
0 21.72713420155704
0 24.14126022395227
0 26.55538624634749
0 28.96951226874272
20.85792867203078 0
20.85792867203078 2.414126022395227
20.85792867203078 4.828252044790453
20.85792867203078 7.24237806718568
20.85792867203078 9.656504089580906
20.85792867203078 12.07063011197613
20.85792867203078 14.48475613437136
20.85792867203078 16.89888215676659
20.85792867203078 19.31300817916181
20.85792867203078 21.72713420155704
20.85792867203078 24.14126022395227
20.85792867203078 26.55538624634749
20.85792867203078 28.96951226874272
